After Element [1241] DRIFT_616 
State:
  energy [eV] =
      1.68379213e+07
  moment0 mean =
     -2.5482896392e+00,  1.5310171268e-03,  2.7480501073e+00, -5.6066114388e-03,  2.9801051987e-03,  5.3502191331e-03,  1.0000000000e+00,
  moment0 rms =
      3.1784704504e+00,  1.3761486978e-03,  1.5535126578e+01,  6.3745855176e-03,  1.8337465117e-02,  3.6582379175e-02,  0.0000000000e+00,
  moment1 mean =
      1.0102674404e+01,  2.0429635212e-03, -3.8563659039e+01, -1.2558715343e-02, -3.7626941349e-03, -1.3818107731e-03,  0.0000000000e+00,
      2.0429635212e-03,  1.8937852384e-06, -1.6646563446e-02, -7.6062196090e-06, -3.6046959306e-06, -5.6908710022e-06,  0.0000000000e+00,
     -3.8563659039e+01, -1.6646563446e-02,  2.4134015780e+02,  9.1965263794e-02,  3.5107953843e-02,  3.8933765463e-02,  0.0000000000e+00,
     -1.2558715343e-02, -7.6062196090e-06,  9.1965263794e-02,  4.0635340522e-05,  1.7919710388e-05,  2.6514804171e-05,  0.0000000000e+00,
     -3.7626941349e-03, -3.6046959306e-06,  3.5107953843e-02,  1.7919710388e-05,  3.3626262692e-04,  6.3382671950e-04,  0.0000000000e+00,
     -1.3818107731e-03, -5.6908710022e-06,  3.8933765463e-02,  2.6514804171e-05,  6.3382671950e-04,  1.3382704661e-03,  0.0000000000e+00,
      0.0000000000e+00,  0.0000000000e+00,  0.0000000000e+00,  0.0000000000e+00,  0.0000000000e+00,  0.0000000000e+00,  0.0000000000e+00,
