After Element [1241] DRIFT_616 
State:
  energy [eV] =
      1.68393082e+07
  moment0 mean =
     -3.7002574334e-02,  8.4584424016e-05,  2.2890565012e-01, -3.3637869554e-05,  3.6689474905e-03,  7.4319417309e-03,  1.0000000000e+00,
  moment0 rms =
      2.1097773106e+00,  6.4944944147e-04,  1.5789584088e+00,  8.7744455042e-04,  1.8360363435e-02,  3.6539513210e-02,  0.0000000000e+00,
  moment1 mean =
      4.4511603001e+00, -2.8765002403e-04,  1.3704273833e-01, -7.9971689619e-05,  3.6753936281e-03,  6.5120371467e-03,  0.0000000000e+00,
     -2.8765002403e-04,  4.2178457703e-07,  6.3192924435e-05,  5.4200748522e-08, -4.5700402140e-07, -8.0033122715e-07,  0.0000000000e+00,
      1.3704273833e-01,  6.3192924435e-05,  2.4931096566e+00,  8.8711390820e-04,  1.3747953128e-04,  2.6805177170e-04,  0.0000000000e+00,
     -7.9971689619e-05,  5.4200748522e-08,  8.8711390820e-04,  7.6990893906e-07,  2.0593486491e-08, -6.5280039068e-08,  0.0000000000e+00,
      3.6753936281e-03, -4.5700402140e-07,  1.3747953128e-04,  2.0593486491e-08,  3.3710294547e-04,  6.3376860631e-04,  0.0000000000e+00,
      6.5120371467e-03, -8.0033122715e-07,  2.6805177170e-04, -6.5280039068e-08,  6.3376860631e-04,  1.3351360256e-03,  0.0000000000e+00,
      0.0000000000e+00,  0.0000000000e+00,  0.0000000000e+00,  0.0000000000e+00,  0.0000000000e+00,  0.0000000000e+00,  0.0000000000e+00,
